DateTime,Entries,UniqueIPs
1485032180,20323,20401
1485032936,20320,20398
1485033614,20323,20401
1485034350,20325,20403
1485035049,20324,20402
1485035783,20321,20399
1485036503,20324,20402
1485037240,20319,20397
1485037942,20325,20403
1485038659,20321,20399
1485039373,20324,20402
1485040119,20322,20400
1485040840,20319,20397
1485041535,20314,20392
1485042260,20314,20392
1485042978,20309,20387
1485043730,20309,20387
1485044419,20314,20392
1485045154,20311,20389
1485045853,20314,20392
1485046596,20315,20393
1485047297,20311,20389
1485048038,20313,20391
1485048746,20312,20390
1485049468,20312,20390
1485050178,20308,20386
1485050922,20312,20390
1485051640,20307,20385
1485052345,20308,20386
1485053065,20313,20391
1485053774,20320,20398
1485054532,20314,20392
1485055220,20318,20396
1485055954,20321,20399
1485056650,20324,20402
1485057391,20323,20401
1485058098,20319,20397
1485059073,20317,20395
1485059780,20317,20395
1485060515,20320,20398
1485061285,20321,20399
1485061955,20325,20403
1485062649,20327,20405
1485063393,20328,20406
1485064384,20325,20403
1485065328,20324,20402
1485066281,20330,20408
1485067030,20330,20408
1485067696,20333,20411
1485068504,20334,20412
1485069152,20329,20407
1485069856,20330,20408
1485070586,20332,20410
1485071304,20330,20408
1485072112,20329,20407
1485072754,20334,20412
1485073464,20336,20414
1485074189,20333,20411
1485074896,20340,20418
1485075692,20338,20416
1485076343,20344,20422
1485077056,20345,20423
1485077792,20344,20422
1485078527,20346,20424
1485079314,20350,20428
1485080276,20349,20427
1485081180,20348,20426
1485081880,20351,20429
1485082578,20347,20425
1485083299,20346,20424
1485084053,20346,20424
1485084745,20350,20428
1485085449,20350,20428
1485086235,20352,20430
1485087077,20354,20432
1485087854,20356,20434
1485088622,20355,20433
1485089302,20360,20438
1485090152,20362,20440
1485090758,20364,20442
1485091454,20353,20431
1485092213,20362,20440
1485092898,20365,20443
1485093689,20360,20438
1485094342,20363,20441
1485095053,20362,20440
1485095778,20365,20443
1485096527,20364,20442
1485097283,20366,20444
1485097947,20369,20447
1485098664,20362,20440
1485099379,20365,20443
1485100100,20370,20448
1485100885,20360,20438
1485101836,20367,20445
1485102504,20368,20446
1485103222,20372,20450
1485103940,20371,20449
1485104659,20370,20448
1485105705,20367,20445
1485106638,20367,20445
1485107565,20360,20438
1485108515,20362,20440
1485109211,20362,20440
1485109941,20359,20437
1485110679,20356,20434
1485111384,20355,20433
1485112137,20352,20430
1485112818,20355,20433
1485113541,20344,20422
1485114254,20343,20421
1485115323,20342,20420
1485116197,20341,20419
1485116898,20344,20422
1485117613,20340,20418
1485118353,20339,20417
1485119066,20336,20414
1485120045,20336,20414
1485120751,20334,20412
1485121464,20335,20413
1485122172,20337,20415
1485122922,20330,20408
1485123636,20336,20414
1485124346,20336,20414
1485125060,20335,20413
1485125790,20333,20411
1485126499,20334,20412
1485127235,20341,20419
1485127943,20343,20421
1485128667,20340,20418
1485129382,20335,20414
1485130124,20337,20416
1485130857,20331,20410
1485132261,20326,20405
1485132971,20329,20408
1485133726,20326,20405
1485134434,20323,20402
1485135141,20321,20400
1485135859,20325,20404
1485136907,20325,20404
1485137821,20325,20404
1485138761,20327,20406
1485139449,20325,20404
1485140185,20324,20403
1485140899,20319,20398
1485141645,20322,20401
1485142345,20323,20402
1485143060,20326,20405
1485143772,20331,20410
1485144518,20327,20406
1485145218,20330,20409
1485145964,20324,20403
1485146648,20329,20408
1485147392,20328,20407
1485148097,20334,20413
1485148839,20333,20412
1485149547,20335,20414
1485150262,20333,20412
1485151015,20328,20407
1485151700,20333,20412
1485152436,20334,20413
1485153148,20336,20415
1485153863,20342,20421
1485154580,20341,20420
1485155340,20341,20420
1485156018,20342,20421
1485156758,20345,20424
1485157449,20344,20423
1485158191,20341,20420
1485159630,20345,20424
1485160350,20345,20424
1485161070,20346,20425
1485161777,20345,20424
1485162506,20347,20426
1485163467,20342,20421
1485164189,20344,20423
1485164918,20341,20420
1485165689,20342,20421
1485166348,20341,20420
1485167064,20333,20412
1485168511,20333,20412
1485169294,20329,20408
1485169961,20328,20407
1485170659,20332,20411
1485171392,20332,20411
1485172103,20331,20410
1485172885,20334,20413
1485173551,20331,20410
1485174252,20326,20405
1485174990,20326,20405
1485175704,20322,20401
1485176513,20320,20399
1485177147,20323,20402
1485177865,20319,20398
1485178574,20322,20401
1485179308,20320,20399
1485180122,20316,20395
1485180745,20317,20396
1485181462,20316,20395
1485182175,20317,20396
1485182911,20318,20397
1485183687,20319,20398
1485184360,20321,20400
1485185052,20320,20399
1485185795,20320,20399
1485186502,20317,20396
1485187292,20321,20400
1485187944,20324,20404
1485188913,20323,20403
1485189621,20327,20407
1485190362,20316,20396
1485191323,20323,20403
1485192014,20326,20406
1485192757,20327,20407
1485193455,20329,20409
1485194195,20325,20405
1485194901,20326,20406
1485195635,20328,20408
1485196345,20328,20408
1485197063,20330,20410
1485197771,20333,20413
1485198532,20333,20413
1485199243,20331,20411
1485199955,20329,20409
1485200660,20331,20411
1485201263,20327,20407
1485201887,20330,20410
1485202837,20330,20410
1485203539,20333,20413
1485204272,20329,20409
1485204974,20332,20412
1485205700,20330,20410
1485206440,20325,20405
1485207149,20323,20403
1485207870,20326,20406
1485208572,20323,20403
1485209301,20319,20399
1485210046,20325,20405
1485210755,20326,20406
1485211467,20327,20407
1485212182,20327,20407
1485212915,20325,20405
1485213613,20327,20407
1485214349,20319,20399
1485215048,20316,20396
1485215810,20317,20397
1485216509,20312,20392
1485217231,20313,20393
1485217946,20315,20395
1485218662,20311,20391
1485219376,20309,20389
1485220102,20302,20382
1485220838,20302,20382
1485221547,20303,20383
1485222269,20302,20382
1485223004,20303,20383
1485223726,20299,20379
1485224411,20302,20382
1485225159,20293,20373
1485225852,20299,20379
1485226594,20297,20377
1485227308,20301,20381
1485228027,20302,20382
1485228740,20304,20384
1485229463,20305,20385
1485230181,20307,20387
1485230908,20308,20388
1485231644,20300,20380
1485232348,20302,20382
1485233078,20300,20380
1485233780,20304,20384
1485234509,20305,20385
1485235237,20311,20391
1485235968,20310,20390
1485236658,20309,20389
1485237386,20311,20391
1485238112,20311,20391
1485239076,20316,20396
1485239782,20317,20397
1485240518,20320,20400
1485241282,20321,20401
1485241952,20317,20397
1485242654,20316,20396
1485243395,20318,20398
1485244097,20322,20402
1485244895,20322,20402
1485245547,20323,20403
1485246261,20327,20407
1485246986,20326,20406
1485247707,20330,20410
1485248481,20330,20410
1485249174,20331,20411
1485249853,20334,20414
1485250596,20337,20417
1485251304,20341,20421
1485252104,20341,20421
1485252741,20342,20422
1485253472,20342,20422
1485254178,20340,20420
1485254917,20339,20419
1485255684,20342,20422
1485256344,20345,20425
1485257064,20342,20422
1485257786,20344,20424
1485258513,20340,20420
1485259276,20341,20421
1485259949,20342,20422
1485260666,20343,20423
1485261383,20341,20421
1485262122,20338,20418
1485262902,20341,20421
1485263572,20340,20420
1485264521,20342,20422
1485265212,20344,20424
1485265971,20345,20425
1485266921,20342,20422
1485267624,20344,20424
1485268371,20340,20420
1485269050,20343,20423
1485269800,20341,20421
1485270512,20344,20424
1485271476,20343,20423
1485272194,20340,20420
1485272918,20343,20423
1485273672,20347,20427
1485274358,20351,20431
1485275054,20350,20430
1485275798,20351,20431
1485276496,20358,20438
1485277309,20354,20434
1485277956,20359,20439
1485278665,20362,20442
1485279386,20357,20437
1485280120,20356,20436
1485280903,20368,20448
1485281566,20371,20451
1485282250,20372,20452
1485282990,20375,20455
1485283704,20376,20456
1485284513,20375,20455
1485285163,20374,20454
1485285857,20375,20455
1485286628,20375,20455
1485287305,20379,20459
1485288099,20379,20459
1485288758,20377,20457
1485289488,20379,20459
1485290199,20380,20460
1485290893,20389,20469
1485291692,20387,20467
1485292366,20378,20458
1485293051,20369,20449
1485293790,20370,20450
1485294494,20367,20447
1485295341,20362,20442
1485296211,20362,20443
1485296893,20364,20445
1485297639,20364,20445
1485298346,20355,20436
1485299082,20357,20438
1485300037,20359,20440
1485300741,20356,20437
1485301460,20355,20436
1485302199,20360,20441
1485302904,20360,20442
1485303641,20364,20446
1485304350,20364,20446
1485305060,20366,20448
1485305784,20368,20450
1485306523,20368,20450
1485307242,20365,20447
1485307953,20369,20451
1485308667,20374,20456
1485309385,20374,20456
1485310107,20372,20454
1485311078,20369,20451
1485312043,20364,20446
1485312747,20369,20451
1485313473,20354,20436
1485314456,20361,20443
1485315146,20363,20445
1485315865,20366,20448
1485316574,20369,20451
1485317299,20368,20450
1485318041,20365,20447
1485318739,20370,20452
1485319460,20367,20449
1485320185,20375,20457
1485320901,20376,20458
1485321634,20374,20456
1485322365,20374,20456
1485323056,20374,20456
1485323786,20382,20464
1485324495,20383,20465
1485325241,20387,20469
1485325946,20388,20470
1485326661,20390,20472
1485327376,20393,20475
1485328130,20393,20475
1485328812,20398,20480
1485329551,20394,20475
1485330250,20397,20478
1485330997,20393,20474
1485331708,20395,20476
1485332668,20395,20476
1485333394,20396,20477
1485334126,20396,20477
1485334880,20395,20476
1485335552,20396,20477
1485336251,20398,20479
1485336988,20401,20482
1485337702,20402,20483
1485338511,20401,20482
1485339154,20407,20488
1485339871,20407,20488
1485340586,20409,20490
1485341359,20410,20491
1485342092,20406,20487
1485342757,20404,20485
1485343450,20405,20486
1485344199,20411,20492
1485344906,20413,20494
1485345692,20416,20497
1485346610,20409,20490
1485347296,20414,20495
1485348061,20416,20497
1485349046,20414,20493
1485349734,20415,20494
1485350429,20409,20488
1485351158,20412,20491
1485351854,20418,20497
1485352585,20413,20492
1485353310,20416,20495
1485354024,20412,20491
1485354738,20413,20492
1485355478,20410,20489
1485356176,20408,20487
1485356924,20405,20484
1485357620,20404,20483
1485358357,20403,20482
1485359049,20399,20478
1485359813,20402,20481
1485360498,20405,20484
1485361241,20403,20482
1485361948,20406,20485
1485362665,20403,20482
1485363375,20407,20486
1485364108,20399,20477
1485364824,20406,20484
1485365594,20409,20487
1485366251,20412,20490
1485366991,20414,20492
1485367722,20411,20489
1485368422,20416,20494
1485369159,20412,20490
1485369853,20419,20497
1485370605,20415,20493
1485371298,20421,20499
1485372031,20421,20498
1485372750,20422,20499
1485373465,20422,20499
1485374185,20418,20495
1485374895,20419,20496
1485375633,20421,20498
1485376348,20425,20502
1485377060,20425,20502
1485377782,20420,20497
1485378510,20421,20498
1485379476,20418,20495
1485380178,20417,20494
1485380912,20422,20499
1485381687,20421,20498
1485382347,20419,20496
1485383065,20421,20498
1485383776,20418,20495
1485384508,20415,20492
1485385311,20417,20494
1485385968,20417,20493
1485386677,20415,20491
1485387381,20412,20488
1485388122,20414,20490
1485388893,20410,20486
1485389539,20408,20484
1485390253,20415,20491
1485390988,20406,20482
1485391694,20408,20484
1485392492,20410,20486
1485393148,20406,20482
1485393867,20407,20483
1485394587,20410,20486
1485395301,20407,20483
1485396102,20406,20482
1485396748,20397,20473
1485397457,20393,20469
1485398192,20392,20468
1485398902,20387,20463
1485399715,20393,20469
1485400338,20390,20466
1485401055,20394,20470
1485401798,20398,20474
